generator  size  dt  physics_upsampling  t0  t_inj  inj_point  beta  level  
IntegratedShapeletGlitch  200000  5.0  1  0.0  20000.0  tm_23  15.855773733720326  -4.378852221639294e-12  
IntegratedShapeletGlitch  200000  5.0  1  0.0  40000.0  tm_32  81.50564605188784  -4.432441724611523e-12  
IntegratedShapeletGlitch  200000  5.0  1  0.0  60000.0  tm_32  66.92257674836544  -4.740136557416845e-12  
IntegratedShapeletGlitch  200000  5.0  1  0.0  80000.0  tm_23  82.10461353176048  -4.4939701271454825e-12  
IntegratedShapeletGlitch  200000  5.0  1  0.0  100000.0  tm_32  10.406739640215939  5.241680437150989e-12  
IntegratedShapeletGlitch  200000  5.0  1  0.0  120000.0  tm_13  167.41769285356082  -5.613773888729568e-12  
IntegratedShapeletGlitch  200000  5.0  1  0.0  140000.0  tm_23  58.65700698347336  4.024339429794787e-12  
IntegratedShapeletGlitch  200000  5.0  1  0.0  160000.0  tm_23  57.06504638861903  6.947719951981818e-12  
IntegratedShapeletGlitch  200000  5.0  1  0.0  180000.0  tm_31  48.73849505403708  -5.621730697787941e-12  
IntegratedShapeletGlitch  200000  5.0  1  0.0  200000.0  tm_13  331.9971697692599  -4.898854495149706e-12  
IntegratedShapeletGlitch  200000  5.0  1  0.0  220000.0  tm_23  32.76426165205245  4.504624696108798e-12  
IntegratedShapeletGlitch  200000  5.0  1  0.0  240000.0  tm_31  66.37457332952914  -4.519458300351103e-12  
IntegratedShapeletGlitch  200000  5.0  1  0.0  260000.0  tm_31  26.36236642936623  5.895425529729872e-12  
IntegratedShapeletGlitch  200000  5.0  1  0.0  280000.0  tm_32  22.061270170082167  -4.975328773112322e-12  
IntegratedShapeletGlitch  200000  5.0  1  0.0  300000.0  tm_31  39.77555765734396  -5.582345410835491e-12  
IntegratedShapeletGlitch  200000  5.0  1  0.0  320000.0  tm_13  110.86399329987277  -4.984714208974941e-12  
IntegratedShapeletGlitch  200000  5.0  1  0.0  340000.0  tm_31  55.33329545689861  5.735238372679469e-12  
IntegratedShapeletGlitch  200000  5.0  1  0.0  360000.0  tm_31  11.830001013641004  6.450548710627013e-12  
IntegratedShapeletGlitch  200000  5.0  1  0.0  380000.0  tm_23  240.17113606955166  -7.224084071406453e-12  
IntegratedShapeletGlitch  200000  5.0  1  0.0  400000.0  tm_12  21.4326000494797  6.463920121796133e-12  
IntegratedShapeletGlitch  200000  5.0  1  0.0  420000.0  tm_21  14.898385689629992  -5.548497918689355e-12  
IntegratedShapeletGlitch  200000  5.0  1  0.0  440000.0  tm_13  91.89833226904359  -3.732023712722896e-12  
IntegratedShapeletGlitch  200000  5.0  1  0.0  460000.0  tm_32  45.400108116227955  5.405760970505663e-12  
IntegratedShapeletGlitch  200000  5.0  1  0.0  480000.0  tm_12  49.393472610028574  -7.943860494800446e-12  
IntegratedShapeletGlitch  200000  5.0  1  0.0  500000.0  tm_23  7.258961075394815  -3.219639845046223e-12  
IntegratedShapeletGlitch  200000  5.0  1  0.0  520000.0  tm_21  217.6441997340493  3.705973370802215e-12  
IntegratedShapeletGlitch  200000  5.0  1  0.0  540000.0  tm_21  34.84129996938805  -2.781655493449795e-12  
IntegratedShapeletGlitch  200000  5.0  1  0.0  560000.0  tm_23  38.77763316747333  -6.171191420027332e-12  
IntegratedShapeletGlitch  200000  5.0  1  0.0  580000.0  tm_31  41.99579625368723  -4.646307687709472e-12  
IntegratedShapeletGlitch  200000  5.0  1  0.0  600000.0  tm_13  17.328122169368893  -6.6530488370519754e-12  
IntegratedShapeletGlitch  200000  5.0  1  0.0  620000.0  tm_21  228.29766868861344  -2.9633883666602126e-12  
IntegratedShapeletGlitch  200000  5.0  1  0.0  640000.0  tm_21  97.51960929866321  3.956040828459374e-12  
IntegratedShapeletGlitch  200000  5.0  1  0.0  660000.0  tm_21  62.177355288884975  -6.012649908790476e-12  
IntegratedShapeletGlitch  200000  5.0  1  0.0  680000.0  tm_31  26.044804831398636  6.389280725729037e-12  
IntegratedShapeletGlitch  200000  5.0  1  0.0  700000.0  tm_23  10.82906908808988  -3.8688083033542495e-12  
IntegratedShapeletGlitch  200000  5.0  1  0.0  720000.0  tm_21  1.831725876160641  5.9040718057970434e-12  
IntegratedShapeletGlitch  200000  5.0  1  0.0  740000.0  tm_23  5.964988613707205  4.3900006149831045e-12  
IntegratedShapeletGlitch  200000  5.0  1  0.0  760000.0  tm_32  14.166957878993205  -4.517912873744475e-12  
IntegratedShapeletGlitch  200000  5.0  1  0.0  780000.0  tm_21  54.24386175918324  -6.9119284952748345e-12  
IntegratedShapeletGlitch  200000  5.0  1  0.0  800000.0  tm_12  16.74949604760894  5.631244533299431e-12  
IntegratedShapeletGlitch  200000  5.0  1  0.0  820000.0  tm_12  203.099197940319  -4.340961442751253e-12  
IntegratedShapeletGlitch  200000  5.0  1  0.0  840000.0  tm_23  8.900561206551965  -4.703378261037524e-12  
IntegratedShapeletGlitch  200000  5.0  1  0.0  860000.0  tm_12  102.89271206167396  -6.650620075426508e-12  
IntegratedShapeletGlitch  200000  5.0  1  0.0  880000.0  tm_23  106.31219667784626  4.236062040555488e-12  
IntegratedShapeletGlitch  200000  5.0  1  0.0  900000.0  tm_12  49.60975839798285  -4.232681002565045e-12  
IntegratedShapeletGlitch  200000  5.0  1  0.0  920000.0  tm_32  14.29137937864432  3.658933739556475e-12  
IntegratedShapeletGlitch  200000  5.0  1  0.0  940000.0  tm_13  275.19549456373204  4.915566521181597e-12  
IntegratedShapeletGlitch  200000  5.0  1  0.0  960000.0  tm_23  40.38479888031713  -5.660844306223562e-12  
IntegratedShapeletGlitch  200000  5.0  1  0.0  980000.0  tm_32  133.22793134962768  5.190161876387872e-12  
